black/ten-greeks 1 3123149.998 15177581.600
black/ten-greeks 2 3156450.001 15177581.600
black/ten-greeks 3 3144499.997 15177581.600
black/ten-greeks 4 3137950.000 15177581.600
black/ten-greeks 5 3145299.997 15177581.600
black/delta 1 490599.999 2391725.600
black/delta 2 501650.001 2391725.600
black/delta 3 499200.000 2391725.600
black/delta 4 502450.002 2391725.600
black/delta 5 499200.000 2391725.600
black/vega 1 130100.001 616829.600
black/vega 2 131850.003 616829.600
black/vega 3 129750.004 616829.600
black/vega 4 129450.002 616829.600
black/vega 5 129200.000 616829.600
black/theta 1 866649.998 4155341.600
black/theta 2 856400.002 4155341.600
black/theta 3 857899.996 4155341.600
black/theta 4 854899.996 4155341.600
black/theta 5 842600.001 4155341.600
normal/ten-greeks 1 2438799.996 12881613.600
normal/ten-greeks 2 2427399.997 12881613.600
normal/ten-greeks 3 2437000.000 12881613.600
normal/ten-greeks 4 2409900.003 12881613.600
normal/ten-greeks 5 2441750.001 12881613.600
normal/delta 1 392799.999 2096021.600
normal/delta 2 392299.995 2096021.600
normal/delta 3 395799.999 2096021.600
normal/delta 4 383249.996 2096021.600
normal/delta 5 380800.001 2096021.600
normal/vega 1 104399.998 551525.600
normal/vega 2 108299.998 551525.600
normal/vega 3 108299.998 551525.600
normal/vega 4 107100.001 551525.600
normal/vega 5 107649.999 551525.600
normal/theta 1 521300.000 2662213.600
normal/theta 2 518449.995 2662213.600
normal/theta 3 525100.005 2662213.600
normal/theta 4 525949.994 2662213.600
normal/theta 5 548600.004 2662213.600
black/common-d1-d2-weighted-density 1 133500.004 616781.600
black/common-d1-d2-weighted-density 2 133249.996 616781.600
black/common-d1-d2-weighted-density 3 133400.003 616781.600
black/common-d1-d2-weighted-density 4 133399.997 616781.600
black/common-d1-d2-weighted-density 5 133950.001 616781.600
black/cdf-d1 1 374499.999 1763957.600
black/cdf-d1 2 560849.998 1763957.600
black/cdf-d1 3 975299.999 1763957.600
black/cdf-d1 4 373100.000 1763957.600
black/cdf-d1 5 368950.004 1763957.600
black/cdf-d2 1 351199.997 1749045.600
black/cdf-d2 2 355899.998 1749045.600
black/cdf-d2 3 358399.999 1749045.600
black/cdf-d2 4 350749.999 1749045.600
black/cdf-d2 5 358300.004 1749045.600
