ordinary/admission 1 6.651878 56.005
ordinary/admission 2 6.651878 56.005
ordinary/admission 3 6.651878 56.005
ordinary/admission 4 6.699562 56.005
ordinary/admission 5 6.699562 56.005
ordinary/evaluation 1 1500270.366669 21414656.480
ordinary/evaluation 2 1504894.495010 21414656.480
ordinary/evaluation 3 1500405.073166 21414656.480
ordinary/evaluation 4 1503020.524979 21414656.480
ordinary/evaluation 5 1502300.500870 21414656.480
ordinary/end-to-end 1 1501410.007477 21414712.480
ordinary/end-to-end 2 1498010.158539 21414712.480
ordinary/end-to-end 3 1500990.390778 21414712.480
ordinary/end-to-end 4 1506564.617157 21414712.480
ordinary/end-to-end 5 1501740.217209 21414712.480
singular/admission 1 5.805492 56.005
singular/admission 2 5.507469 56.005
singular/admission 3 5.495548 56.005
singular/admission 4 5.495548 56.005
singular/admission 5 5.555153 56.005
singular/evaluation 1 655555.725098 9679616.480
singular/evaluation 2 654765.367508 9679616.480
singular/evaluation 3 653020.143509 9679616.480
singular/evaluation 4 653530.359268 9679616.480
singular/evaluation 5 653985.738754 9679616.480
singular/end-to-end 1 658434.629440 9679672.480
singular/end-to-end 2 659334.659576 9679672.480
singular/end-to-end 3 654029.846191 9679672.480
singular/end-to-end 4 653485.059738 9679672.480
singular/end-to-end 5 654160.976410 9679672.480
tail/admission 1 5.698204 56.005
tail/admission 2 5.543232 56.005
tail/admission 3 5.555153 56.005
tail/admission 4 5.495548 56.005
tail/admission 5 5.495548 56.005
tail/evaluation 1 4405285.120010 63554744.480
tail/evaluation 2 4404954.910278 63554744.480
tail/evaluation 3 4409269.094467 63554744.480
tail/evaluation 4 4408589.601517 63554744.480
tail/evaluation 5 4412184.953690 63554744.480
tail/end-to-end 1 4408479.928970 63554800.480
tail/end-to-end 2 4465069.770813 63554800.480
tail/end-to-end 3 4420849.084854 63554800.480
tail/end-to-end 4 4407269.954681 63554800.480
tail/end-to-end 5 4414790.868759 63554800.480
failure/admission 1 5.698204 56.005
failure/admission 2 5.507469 56.005
failure/admission 3 5.745888 56.005
failure/admission 4 5.650520 56.005
failure/admission 5 5.698204 56.005
failure/evaluation 1 40.531158 352.480
failure/evaluation 2 40.531158 352.480
failure/evaluation 3 45.299530 352.480
failure/evaluation 4 45.299530 352.480
failure/evaluation 5 45.299530 352.480
failure/end-to-end 1 50.067902 408.480
failure/end-to-end 2 45.299530 408.480
failure/end-to-end 3 50.067902 408.480
failure/end-to-end 4 45.299530 408.480
failure/end-to-end 5 45.299530 408.480
control/bsm-certified 1 1282755.136490 18038704.480
control/bsm-certified 2 1280595.064163 18038704.480
control/bsm-certified 3 1284514.665604 18038704.480
control/bsm-certified 4 1280294.656754 18038704.480
control/bsm-certified 5 1285090.446472 18038704.480
